81234569586548888888888888477812345656481234567988888888888565545666456865423214233385666555669781236549745632145632332214
82635459782318555555555558666856321546382365423285654521239222222222228 85463214566989845632145685665442233656474523365545
81472593682138231456796548256859645321686974632585556642311333333333386568222321336385685469741282121325464512313456123134
81326549786548526413145678123897652215682136547982564321555444444444854129899999999985668546712389747799656451231315132156
82569314783218456311222228546869765432386354659985643215649555555558452136583216546386445854697182123456451231213215633217
81654973285478975643215648479811111111186324697481236547964666666685614236548123654585645685469786156213214564561321364561
88888888886238579463214568214833333333382136545685654979997777777888888888888823654681236558546681235645612315467979731312 
97981234562148965472314568365859612347985123479385643219745999998564795642136582632981235644856481231234564569777996654563
21389762426238231456575978123815647932182316547985649731234101085467912365415648213981475699985681234569745332123166997723
76282135445638231456965428794815965432182163243289547612346303854679123654796547821381236497158681236547944566541236564455
15689765461238213654796548213897654231281236549785467912356408657945612236456465586581236454799881236549774654561231234564 
56487942145658888888888888997888888888882136497288888888888585647912365499777222338585469712365481235649797464654612313212 
12365478993369999999999999566444444444442136547222222222222365497123659712365475649321456974563152232337423697413697423456
88888888845658888888888888974563321398565554479888888812365456488888888888856888888888888566549781236546587997888888888888  		 
85641231821368555566442123512365479585865412325856554823654554456397854697213854621133654564213568546655856497412398456665
84565432821638321654974566213641232845686231243845632864232149756412823216497856332033321214321463985658541236549748221236
85612321865438456123213635997632148213658623214832155856479363214565812356479825645697123654971236456885463216971238212365
88888888821498888888888888564321588888888869741854665856791236546213821364597888888888888564123971238584569712365478112365
86123856521138212362145656632145854665565482134812365824697123654565821365497855566321236213649712685128213654971238123564 
82314582121458213654974233563218214632165498264823165821469712365445812356479823165497456123654977851235845697123658123647
82133258421658512365479232564383216549712336854825612821456971236545812365497823654792321123654798456665585469712358123655
86541235856548888888888888564856656563321223185888888821456971236549856497123888888888888856479285123365498123649718123654